EAR izquierdo[(263, 0.5477227568626404, 0.3024098575115204), (362, 0.5207850337028503, 0.2981342673301697), (386, 0.5356320142745972, 0.2971660792827606), (374, 0.5353659391403198, 0.3021699786186218)]
EAR izquierdo[(263, 0.5477227568626404, 0.3024098575115204), (362, 0.5207850337028503, 0.2981342673301697), (386, 0.5356320142745972, 0.2971660792827606), (374, 0.5353659391403198, 0.3021699786186218)]
EAR izquierdo[(263, 0.5477227568626404, 0.3024098575115204), (362, 0.5207850337028503, 0.2981342673301697), (386, 0.5356320142745972, 0.2971660792827606), (374, 0.5353659391403198, 0.3021699786186218)]
EAR izquierdo[(263, 0.5477227568626404, 0.3024098575115204), (362, 0.5207850337028503, 0.2981342673301697), (386, 0.5356320142745972, 0.2971660792827606), (374, 0.5353659391403198, 0.3021699786186218)]
EAR derecho[(33, 0.44327735900878906, 0.28992095589637756), (133, 0.4766624867916107, 0.28719276189804077), (159, 0.46075230836868286, 0.2916448414325714), (145, 0.46002158522605896, 0.2912203073501587)]
EAR derecho[(33, 0.44327735900878906, 0.28992095589637756), (133, 0.4766624867916107, 0.28719276189804077), (159, 0.46075230836868286, 0.2916448414325714), (145, 0.46002158522605896, 0.2912203073501587)]
EAR derecho[(33, 0.44327735900878906, 0.28992095589637756), (133, 0.4766624867916107, 0.28719276189804077), (159, 0.46075230836868286, 0.2916448414325714), (145, 0.46002158522605896, 0.2912203073501587)]
EAR derecho[(33, 0.44327735900878906, 0.28992095589637756), (133, 0.4766624867916107, 0.28719276189804077), (159, 0.46075230836868286, 0.2916448414325714), (145, 0.46002158522605896, 0.2912203073501587)]
EAR izquierdo[(263, 0.5383907556533813, 0.24040237069129944), (362, 0.5094238519668579, 0.23966914415359497), (386, 0.5266124606132507, 0.2300858497619629), (374, 0.526265025138855, 0.24472996592521667)]
EAR izquierdo[(263, 0.5383907556533813, 0.24040237069129944), (362, 0.5094238519668579, 0.23966914415359497), (386, 0.5266124606132507, 0.2300858497619629), (374, 0.526265025138855, 0.24472996592521667)]
EAR izquierdo[(263, 0.5383907556533813, 0.24040237069129944), (362, 0.5094238519668579, 0.23966914415359497), (386, 0.5266124606132507, 0.2300858497619629), (374, 0.526265025138855, 0.24472996592521667)]
EAR izquierdo[(263, 0.5383907556533813, 0.24040237069129944), (362, 0.5094238519668579, 0.23966914415359497), (386, 0.5266124606132507, 0.2300858497619629), (374, 0.526265025138855, 0.24472996592521667)]
EAR izquierdo[(263, 0.5454563498497009, 0.24319034814834595), (362, 0.5165183544158936, 0.24139083921909332), (386, 0.5336980223655701, 0.23321248590946198), (374, 0.5331994891166687, 0.2463134229183197)]
EAR izquierdo[(263, 0.5454563498497009, 0.24319034814834595), (362, 0.5165183544158936, 0.24139083921909332), (386, 0.5336980223655701, 0.23321248590946198), (374, 0.5331994891166687, 0.2463134229183197)]
EAR izquierdo[(263, 0.5454563498497009, 0.24319034814834595), (362, 0.5165183544158936, 0.24139083921909332), (386, 0.5336980223655701, 0.23321248590946198), (374, 0.5331994891166687, 0.2463134229183197)]
EAR izquierdo[(263, 0.5454563498497009, 0.24319034814834595), (362, 0.5165183544158936, 0.24139083921909332), (386, 0.5336980223655701, 0.23321248590946198), (374, 0.5331994891166687, 0.2463134229183197)]
EAR derecho[(33, 0.4397662281990051, 0.23833483457565308), (133, 0.47183045744895935, 0.2388514131307602), (159, 0.45384344458580017, 0.2293676733970642), (145, 0.4542778432369232, 0.24240636825561523)]
EAR derecho[(33, 0.4397662281990051, 0.23833483457565308), (133, 0.47183045744895935, 0.2388514131307602), (159, 0.45384344458580017, 0.2293676733970642), (145, 0.4542778432369232, 0.24240636825561523)]
EAR derecho[(33, 0.4397662281990051, 0.23833483457565308), (133, 0.47183045744895935, 0.2388514131307602), (159, 0.45384344458580017, 0.2293676733970642), (145, 0.4542778432369232, 0.24240636825561523)]
EAR derecho[(33, 0.4397662281990051, 0.23833483457565308), (133, 0.47183045744895935, 0.2388514131307602), (159, 0.45384344458580017, 0.2293676733970642), (145, 0.4542778432369232, 0.24240636825561523)]

Ambos abiertos
EAR izquierdo[(263, 0.5405539870262146, 0.24032893776893616), (362, 0.5118894577026367, 0.2376578003168106), (386, 0.5288383364677429, 0.23002542555332184), (374, 0.5284860730171204, 0.24266067147254944)]
EAR izquierdo[(263, 0.5405539870262146, 0.24032893776893616), (362, 0.5118894577026367, 0.2376578003168106), (386, 0.5288383364677429, 0.23002542555332184), (374, 0.5284860730171204, 0.24266067147254944)]
EAR izquierdo[(263, 0.5405539870262146, 0.24032893776893616), (362, 0.5118894577026367, 0.2376578003168106), (386, 0.5288383364677429, 0.23002542555332184), (374, 0.5284860730171204, 0.24266067147254944)]
EAR izquierdo[(263, 0.5405539870262146, 0.24032893776893616), (362, 0.5118894577026367, 0.2376578003168106), (386, 0.5288383364677429, 0.23002542555332184), (374, 0.5284860730171204, 0.24266067147254944)]
EAR derecho[(33, 0.4363883435726166, 0.23502956330776215), (133, 0.46818408370018005, 0.2355230301618576), (159, 0.4502592086791992, 0.2259874939918518), (145, 0.4505283832550049, 0.23906515538692474)]
EAR derecho[(33, 0.4363883435726166, 0.23502956330776215), (133, 0.46818408370018005, 0.2355230301618576), (159, 0.4502592086791992, 0.2259874939918518), (145, 0.4505283832550049, 0.23906515538692474)]
EAR derecho[(33, 0.4363883435726166, 0.23502956330776215), (133, 0.46818408370018005, 0.2355230301618576), (159, 0.4502592086791992, 0.2259874939918518), (145, 0.4505283832550049, 0.23906515538692474)]
EAR derecho[(33, 0.4363883435726166, 0.23502956330776215), (133, 0.46818408370018005, 0.2355230301618576), (159, 0.4502592086791992, 0.2259874939918518), (145, 0.4505283832550049, 0.23906515538692474)]

Izquierda cerrada
EAR izquierdo[(263, 0.5400511026382446, 0.2389703392982483), (362, 0.510712206363678, 0.2356632649898529), (386, 0.5273624658584595, 0.23133045434951782), (374, 0.5269376039505005, 0.2405160814523697)]
EAR izquierdo[(263, 0.5400511026382446, 0.2389703392982483), (362, 0.510712206363678, 0.2356632649898529), (386, 0.5273624658584595, 0.23133045434951782), (374, 0.5269376039505005, 0.2405160814523697)]
EAR izquierdo[(263, 0.5400511026382446, 0.2389703392982483), (362, 0.510712206363678, 0.2356632649898529), (386, 0.5273624658584595, 0.23133045434951782), (374, 0.5269376039505005, 0.2405160814523697)]
EAR izquierdo[(263, 0.5400511026382446, 0.2389703392982483), (362, 0.510712206363678, 0.2356632649898529), (386, 0.5273624658584595, 0.23133045434951782), (374, 0.5269376039505005, 0.2405160814523697)]
EAR derecho[(33, 0.4321480691432953, 0.2394152283668518), (133, 0.4651758670806885, 0.2342505007982254), (159, 0.4481280744075775, 0.23506544530391693), (145, 0.44816750288009644, 0.23856239020824432)]
EAR derecho[(33, 0.4321480691432953, 0.2394152283668518), (133, 0.4651758670806885, 0.2342505007982254), (159, 0.4481280744075775, 0.23506544530391693), (145, 0.44816750288009644, 0.23856239020824432)]
EAR derecho[(33, 0.4321480691432953, 0.2394152283668518), (133, 0.4651758670806885, 0.2342505007982254), (159, 0.4481280744075775, 0.23506544530391693), (145, 0.44816750288009644, 0.23856239020824432)]
EAR derecho[(33, 0.4321480691432953, 0.2394152283668518), (133, 0.4651758670806885, 0.2342505007982254), (159, 0.4481280744075775, 0.23506544530391693), (145, 0.44816750288009644, 0.23856239020824432)]

Derecha cerrada
EAR izquierdo[(263, 0.5390869975090027, 0.24099816381931305), (362, 0.5116497278213501, 0.23569898307323456), (386, 0.5264551043510437, 0.23637059330940247), (374, 0.5260109901428223, 0.23916125297546387)]
EAR izquierdo[(263, 0.5390869975090027, 0.24099816381931305), (362, 0.5116497278213501, 0.23569898307323456), (386, 0.5264551043510437, 0.23637059330940247), (374, 0.5260109901428223, 0.23916125297546387)]
EAR izquierdo[(263, 0.5390869975090027, 0.24099816381931305), (362, 0.5116497278213501, 0.23569898307323456), (386, 0.5264551043510437, 0.23637059330940247), (374, 0.5260109901428223, 0.23916125297546387)]
EAR izquierdo[(263, 0.5390869975090027, 0.24099816381931305), (362, 0.5116497278213501, 0.23569898307323456), (386, 0.5264551043510437, 0.23637059330940247), (374, 0.5260109901428223, 0.23916125297546387)]
EAR derecho[(33, 0.43458953499794006, 0.23382586240768433), (133, 0.46477898955345154, 0.232209712266922), (159, 0.4484899640083313, 0.22715909779071808), (145, 0.44874686002731323, 0.23502883315086365)]
EAR derecho[(33, 0.43458953499794006, 0.23382586240768433), (133, 0.46477898955345154, 0.232209712266922), (159, 0.4484899640083313, 0.22715909779071808), (145, 0.44874686002731323, 0.23502883315086365)]
EAR derecho[(33, 0.43458953499794006, 0.23382586240768433), (133, 0.46477898955345154, 0.232209712266922), (159, 0.4484899640083313, 0.22715909779071808), (145, 0.44874686002731323, 0.23502883315086365)]
EAR derecho[(33, 0.43458953499794006, 0.23382586240768433), (133, 0.46477898955345154, 0.232209712266922), (159, 0.4484899640083313, 0.22715909779071808), (145, 0.44874686002731323, 0.23502883315086365)]

Dos cerraos
EAR izquierdo[(263, 0.5392564535140991, 0.23585601150989532), (362, 0.509513258934021, 0.23086890578269958), (386, 0.5247586965560913, 0.23377715051174164), (374, 0.5250231623649597, 0.23518848419189453)]
EAR izquierdo[(263, 0.5392564535140991, 0.23585601150989532), (362, 0.509513258934021, 0.23086890578269958), (386, 0.5247586965560913, 0.23377715051174164), (374, 0.5250231623649597, 0.23518848419189453)]
EAR izquierdo[(263, 0.5392564535140991, 0.23585601150989532), (362, 0.509513258934021, 0.23086890578269958), (386, 0.5247586965560913, 0.23377715051174164), (374, 0.5250231623649597, 0.23518848419189453)]
EAR izquierdo[(263, 0.5392564535140991, 0.23585601150989532), (362, 0.509513258934021, 0.23086890578269958), (386, 0.5247586965560913, 0.23377715051174164), (374, 0.5250231623649597, 0.23518848419189453)]
EAR derecho[(33, 0.43006864190101624, 0.2328266054391861), (133, 0.46312958002090454, 0.22776922583580017), (159, 0.44670671224594116, 0.23128801584243774), (145, 0.4465702474117279, 0.23188179731369019)]
EAR derecho[(33, 0.43006864190101624, 0.2328266054391861), (133, 0.46312958002090454, 0.22776922583580017), (159, 0.44670671224594116, 0.23128801584243774), (145, 0.4465702474117279, 0.23188179731369019)]
EAR derecho[(33, 0.43006864190101624, 0.2328266054391861), (133, 0.46312958002090454, 0.22776922583580017), (159, 0.44670671224594116, 0.23128801584243774), (145, 0.4465702474117279, 0.23188179731369019)]
EAR derecho[(33, 0.43006864190101624, 0.2328266054391861), (133, 0.46312958002090454, 0.22776922583580017), (159, 0.44670671224594116, 0.23128801584243774), (145, 0.4465702474117279, 0.23188179731369019)]
EAR izquierdo[(263, 0.5318503379821777, 0.5030342936515808), (362, 0.4891150891780853, 0.5055131912231445), (386, 0.5111831426620483, 0.49322813749313354), (374, 0.5076556205749512, 0.5117197632789612)]
EAR izquierdo[(263, 0.5318503379821777, 0.5030342936515808), (362, 0.4891150891780853, 0.5055131912231445), (386, 0.5111831426620483, 0.49322813749313354), (374, 0.5076556205749512, 0.5117197632789612)]
EAR izquierdo[(263, 0.5318503379821777, 0.5030342936515808), (362, 0.4891150891780853, 0.5055131912231445), (386, 0.5111831426620483, 0.49322813749313354), (374, 0.5076556205749512, 0.5117197632789612)]
EAR izquierdo[(263, 0.5318503379821777, 0.5030342936515808), (362, 0.4891150891780853, 0.5055131912231445), (386, 0.5111831426620483, 0.49322813749313354), (374, 0.5076556205749512, 0.5117197632789612)]
EAR izquierdo[(263, 0.5470110177993774, 0.48286372423171997), (362, 0.5013313293457031, 0.4876191020011902), (386, 0.5276919007301331, 0.4709671139717102), (374, 0.5220368504524231, 0.49231475591659546)]
EAR izquierdo[(263, 0.5470110177993774, 0.48286372423171997), (362, 0.5013313293457031, 0.4876191020011902), (386, 0.5276919007301331, 0.4709671139717102), (374, 0.5220368504524231, 0.49231475591659546)]
EAR izquierdo[(263, 0.5470110177993774, 0.48286372423171997), (362, 0.5013313293457031, 0.4876191020011902), (386, 0.5276919007301331, 0.4709671139717102), (374, 0.5220368504524231, 0.49231475591659546)]
EAR izquierdo[(263, 0.5470110177993774, 0.48286372423171997), (362, 0.5013313293457031, 0.4876191020011902), (386, 0.5276919007301331, 0.4709671139717102), (374, 0.5220368504524231, 0.49231475591659546)]
Gaze derecho[(263, 0.5491503477096558, 0.5109909176826477), (362, 0.5011208653450012, 0.5122765898704529), (386, 0.528759241104126, 0.5030471682548523), (374, 0.5241058468818665, 0.5197226405143738)]
Gaze derecho[(263, 0.5491503477096558, 0.5109909176826477), (362, 0.5011208653450012, 0.5122765898704529), (386, 0.528759241104126, 0.5030471682548523), (374, 0.5241058468818665, 0.5197226405143738)]
Gaze derecho[(263, 0.5491503477096558, 0.5109909176826477), (362, 0.5011208653450012, 0.5122765898704529), (386, 0.528759241104126, 0.5030471682548523), (374, 0.5241058468818665, 0.5197226405143738)]
Gaze derecho[(263, 0.5491503477096558, 0.5109909176826477), (362, 0.5011208653450012, 0.5122765898704529), (386, 0.528759241104126, 0.5030471682548523), (374, 0.5241058468818665, 0.5197226405143738)]
EAR derecho[(33, 0.4386710524559021, 0.4599321186542511), (133, 0.47429218888282776, 0.470243364572525), (159, 0.45218878984451294, 0.4491662085056305), (145, 0.4550418257713318, 0.4723576307296753)]
EAR derecho[(33, 0.4386710524559021, 0.4599321186542511), (133, 0.47429218888282776, 0.470243364572525), (159, 0.45218878984451294, 0.4491662085056305), (145, 0.4550418257713318, 0.4723576307296753)]
EAR derecho[(33, 0.4386710524559021, 0.4599321186542511), (133, 0.47429218888282776, 0.470243364572525), (159, 0.45218878984451294, 0.4491662085056305), (145, 0.4550418257713318, 0.4723576307296753)]
EAR derecho[(33, 0.4386710524559021, 0.4599321186542511), (133, 0.47429218888282776, 0.470243364572525), (159, 0.45218878984451294, 0.4491662085056305), (145, 0.4550418257713318, 0.4723576307296753)]
